[gd_scene load_steps=3 format=2]

[ext_resource path="res://Scenes/Scene.tscn" type="PackedScene" id=1]
[ext_resource path="res://Scripts/Renderer.cs" type="Script" id=2]

[node name="Renderer" type="Control"]
anchor_right = 1.0
anchor_bottom = 1.0
script = ExtResource( 2 )
__meta__ = {
"_edit_use_anchors_": false
}
fps = 20.0
animationPath = NodePath("Container/Viewport/Scene/Anim")
viewportPath = NodePath("Container/Viewport")
animName = "RiftAppear"
outputPath = "C:\\Users\\Administrator\\Pictures\\Rift"

[node name="Container" type="ViewportContainer" parent="."]
anchor_right = 1.0
anchor_bottom = 1.0
stretch = true
stretch_shrink = 8
__meta__ = {
"_edit_use_anchors_": false
}

[node name="Viewport" type="Viewport" parent="Container"]
size = Vector2( 128, 75 )
size_override_stretch = true
handle_input_locally = false
render_target_update_mode = 3

[node name="Scene" parent="Container/Viewport" instance=ExtResource( 1 )]
brickColor = Color( 0.290196, 0.145098, 0.192157, 1 )
riftFogWidth = 4.0
riftFogColor = Color( 0.407843, 0, 1, 1 )
animationTime = 11.5994
riftFogMotion = Vector2( 8, -0.1 )
riftFogTiling = Vector2( 32, 0.5 )

[node name="Volumetric" parent="Container/Viewport/Scene" index="1"]
visible = true

[node name="RootNode" parent="Container/Viewport/Scene/Skeleton" index="0"]
transform = Transform( 0.99957, 0.0252407, -0.0149238, -0.0261022, 0.997817, -0.0606642, 0.01336, 0.0610276, 0.998047, 0, -3.5, 0 )

[node name="Bone001" parent="Container/Viewport/Scene/Skeleton/RootNode/Armature/Bone" index="1"]
transform = Transform( 0.627275, -0.778671, -0.0139671, 0.7786, 0.627419, -0.0112282, 0.0175063, -0.0038316, 0.999839, 3.72529e-09, 0.02, -1.39698e-09 )

[node name="Bone002" parent="Container/Viewport/Scene/Skeleton/RootNode/Armature/Bone/Bone001" index="1"]
transform = Transform( 0.965994, -0.0223926, 0.257593, -0.0084382, 0.992981, 0.117964, -0.258426, -0.116126, 0.959025, -1.11759e-08, 0.0210001, 4.65661e-10 )

[node name="Pivot" parent="Container/Viewport/Scene" index="4"]
transform = Transform( -0.984607, -0.146227, 0.0957435, 0, 0.547785, 0.836618, -0.174783, 0.823741, -0.539352, 0, 0, 0 )

[node name="Camera" parent="Container/Viewport/Scene/Pivot" index="0"]
transform = Transform( 1, 0, 0, 0, 1, 0, 0, 0, 1, 0, 0, 45.7397 )

[editable path="Container/Viewport/Scene"]
