[gd_scene load_steps=3 format=2]

[ext_resource path="res://Scenes/Scene.tscn" type="PackedScene" id=1]
[ext_resource path="res://Scripts/Renderer.cs" type="Script" id=2]

[node name="Renderer" type="Control"]
anchor_right = 1.0
anchor_bottom = 1.0
script = ExtResource( 2 )
__meta__ = {
"_edit_use_anchors_": false
}
fps = 10.0
animationPath = NodePath("Container/Viewport/Scene/Anim")
viewportPath = NodePath("Container/Viewport")
animName = "RiftAppear"
outputPath = "C:\\Users\\Administrator\\Pictures\\RiftTest"

[node name="Container" type="ViewportContainer" parent="."]
anchor_right = 1.0
anchor_bottom = 1.0
stretch = true
stretch_shrink = 4
__meta__ = {
"_edit_use_anchors_": false
}

[node name="Viewport" type="Viewport" parent="Container"]
size = Vector2( 256, 150 )
size_override_stretch = true
handle_input_locally = false
render_target_update_mode = 3

[node name="Scene" parent="Container/Viewport" instance=ExtResource( 1 )]
animationTime = 9.96639
riftFogColor = Color( 0.407843, 0, 1, 1 )
riftFogWidth = 4.0
riftFogTiling = Vector2( 32, 0.5 )
riftFogMotion = Vector2( 8, -0.1 )
brickColor = Color( 0.290196, 0.145098, 0.192157, 1 )

[node name="Parallax" parent="Container/Viewport/Scene" index="0"]
visible = true

[node name="RootNode" parent="Container/Viewport/Scene/Skeleton" index="0"]
transform = Transform( 0.997628, -0.00229449, 0.0687933, 0, 0.999444, 0.0333349, -0.0688316, -0.0332559, 0.997074, 0.159452, -3.96697, 0 )

[node name="Bone001" parent="Container/Viewport/Scene/Skeleton/RootNode/Armature/Bone" index="1"]
transform = Transform( 0.502312, -0.864633, -0.009506, 0.864595, 0.502388, -0.00896007, 0.0125229, -0.0037181, 0.999914, 3.72529e-09, 0.02, -1.39698e-09 )

[node name="Bone002" parent="Container/Viewport/Scene/Skeleton/RootNode/Armature/Bone/Bone001" index="1"]
transform = Transform( 0.945559, -0.189617, 0.264505, 0.171333, 0.98102, 0.0907856, -0.2767, -0.0405247, 0.960101, -1.11759e-08, 0.0210001, 4.65661e-10 )

[node name="Pivot" parent="Container/Viewport/Scene" index="4"]
transform = Transform( -0.814512, -0.468645, 0.341968, 0, 0.589452, 0.807802, -0.580147, 0.657966, -0.480115, 0, 0, 0 )

[node name="Camera" parent="Container/Viewport/Scene/Pivot" index="0"]
transform = Transform( 1, 0, 0, 0, 1, 0, 0, 0, 1, 0, 0, 48 )

[editable path="Container/Viewport/Scene"]
